A	R	N	D	C	Q	E	G	H	I	L	K	M	F	P	S	T	W	Y	V
0.022	0.0038	0.0047	0.0035	0.0001	0.012	0.0028	0.0173	0.0007	0.003	0.0059	0.0014	0.0009	0.0015	0.003	0.0183	0.007	0.001	0.0043	0.0067
0.0038	0.0075	0.0028	0.003	0.0001	0.003	0.0022	0.0118	0.0009	0.002	0.0037	0.0017	0.0007	0.0018	0.0026	0.0142	0.0052	0.0007	0.0027	0.0026
0.0047	0.0028	0.0071	0.006	0.0	0.0044	0.0038	0.0148	0.0007	0.0013	0.0017	0.0047	0.0006	0.0011	0.0018	0.0093	0.0072	0.0006	0.0086	0.0015
0.0035	0.003	0.006	0.0032	0.0	0.0035	0.0037	0.0121	0.0008	0.0012	0.0029	0.0009	0.0005	0.0011	0.0024	0.0061	0.0052	0.0007	0.0061	0.0018
0.0001	0.0001	0.0	0.0	0.0	0.0	0.0	0.0001	0.0	0.0	0.0	0.0	0.0	0.0	0.0	0.0003	0.0001	0.0	0.0001	0.0001
0.012	0.003	0.0044	0.0035	0.0	0.0312	0.0034	0.0098	0.0006	0.0028	0.0138	0.0024	0.0005	0.0013	0.0024	0.005	0.0049	0.0006	0.011	0.0015
0.0028	0.0022	0.0038	0.0037	0.0	0.0034	0.0218	0.0148	0.0005	0.0018	0.0026	0.0024	0.0006	0.0008	0.0082	0.0051	0.0176	0.0005	0.004	0.0027
0.0173	0.0118	0.0148	0.0121	0.0001	0.0098	0.0148	0.035	0.0018	0.004	0.0096	0.0026	0.0022	0.0037	0.0084	0.0303	0.0206	0.0021	0.0107	0.0087
0.0007	0.0009	0.0007	0.0008	0.0	0.0006	0.0005	0.0018	0.0007	0.0003	0.0007	0.0001	0.0001	0.0046	0.0005	0.0012	0.0019	0.0001	0.0059	0.0004
0.003	0.002	0.0013	0.0012	0.0	0.0028	0.0018	0.004	0.0003	0.0072	0.0035	0.001	0.0013	0.0013	0.002	0.0048	0.0078	0.0005	0.0021	0.0036
0.0059	0.0037	0.0017	0.0029	0.0	0.0138	0.0026	0.0096	0.0007	0.0035	0.0179	0.0007	0.0015	0.0039	0.0048	0.0067	0.0047	0.0008	0.0048	0.0047
0.0014	0.0017	0.0047	0.0009	0.0	0.0024	0.0024	0.0026	0.0001	0.001	0.0007	0.0062	0.0008	0.0002	0.0012	0.0016	0.0018	0.0001	0.0004	0.0004
0.0009	0.0007	0.0006	0.0005	0.0	0.0005	0.0006	0.0022	0.0001	0.0013	0.0015	0.0008	0.0003	0.0004	0.0007	0.0015	0.0011	0.0001	0.0005	0.0013
0.0015	0.0018	0.0011	0.0011	0.0	0.0013	0.0008	0.0037	0.0046	0.0013	0.0039	0.0002	0.0004	0.0098	0.0013	0.0022	0.0065	0.0003	0.0221	0.0013
0.003	0.0026	0.0018	0.0024	0.0	0.0024	0.0082	0.0084	0.0005	0.002	0.0048	0.0012	0.0007	0.0013	0.0024	0.0055	0.0056	0.0006	0.0017	0.0022
0.0183	0.0142	0.0093	0.0061	0.0003	0.005	0.0051	0.0303	0.0012	0.0048	0.0067	0.0016	0.0015	0.0022	0.0055	0.1016	0.0148	0.0035	0.0051	0.008
0.007	0.0052	0.0072	0.0052	0.0001	0.0049	0.0176	0.0206	0.0019	0.0078	0.0047	0.0018	0.0011	0.0065	0.0056	0.0148	0.0105	0.001	0.0113	0.0049
0.001	0.0007	0.0006	0.0007	0.0	0.0006	0.0005	0.0021	0.0001	0.0005	0.0008	0.0001	0.0001	0.0003	0.0006	0.0035	0.001	0.0002	0.0006	0.0006
0.0043	0.0027	0.0086	0.0061	0.0001	0.011	0.004	0.0107	0.0059	0.0021	0.0048	0.0004	0.0005	0.0221	0.0017	0.0051	0.0113	0.0006	0.0186	0.0019
0.0067	0.0026	0.0015	0.0018	0.0001	0.0015	0.0027	0.0087	0.0004	0.0036	0.0047	0.0004	0.0013	0.0013	0.0022	0.008	0.0049	0.0006	0.0019	0.004
