A	R	N	D	C	Q	E	G	H	I	L	K	M	F	P	S	T	W	Y	V
0.0266	0.0059	0.0035	0.0026	0.0002	0.0069	0.0031	0.0134	0.0011	0.0018	0.0055	0.0015	0.0005	0.001	0.0036	0.0112	0.0173	0.0005	0.0027	0.0047
0.0059	0.011	0.0023	0.0026	0.0005	0.0031	0.0036	0.0149	0.0015	0.0014	0.0106	0.004	0.0014	0.0014	0.0038	0.0198	0.0057	0.0008	0.0014	0.0035
0.0035	0.0023	0.0094	0.0059	0.0001	0.0031	0.0024	0.0083	0.0007	0.0008	0.0014	0.0015	0.0006	0.0007	0.0011	0.0055	0.0061	0.0002	0.0053	0.0016
0.0026	0.0026	0.0059	0.0094	0.0001	0.0048	0.0035	0.012	0.0008	0.0006	0.0018	0.0008	0.0002	0.0006	0.0018	0.004	0.0033	0.0002	0.0064	0.0012
0.0002	0.0005	0.0001	0.0001	0.0001	0.0003	0.0001	0.0004	0.0002	0.0003	0.0004	0.0002	0.0001	0.0001	0.0003	0.0007	0.0003	0.0001	0.0002	0.0003
0.0069	0.0031	0.0031	0.0048	0.0003	0.0408	0.0025	0.0065	0.0012	0.0022	0.0143	0.0019	0.0002	0.0008	0.0026	0.0039	0.0034	0.0003	0.0086	0.0012
0.0031	0.0036	0.0024	0.0035	0.0001	0.0025	0.0208	0.0094	0.0009	0.0011	0.0021	0.0039	0.0002	0.0005	0.0102	0.0031	0.0177	0.0003	0.0018	0.0032
0.0134	0.0149	0.0083	0.012	0.0004	0.0065	0.0094	0.0528	0.0017	0.0024	0.0098	0.0022	0.0015	0.0025	0.0073	0.0208	0.0166	0.0013	0.0054	0.0073
0.0011	0.0015	0.0007	0.0008	0.0002	0.0012	0.0009	0.0017	0.0011	0.0007	0.0008	0.0007	0.0002	0.0052	0.0008	0.002	0.0027	0.0001	0.0069	0.0007
0.0018	0.0014	0.0008	0.0006	0.0003	0.0022	0.0011	0.0024	0.0007	0.0018	0.0022	0.001	0.0004	0.0007	0.001	0.0038	0.0038	0.0002	0.0011	0.0018
0.0055	0.0106	0.0014	0.0018	0.0004	0.0143	0.0021	0.0098	0.0008	0.0022	0.0168	0.0015	0.0016	0.0034	0.0038	0.0059	0.0047	0.0007	0.0032	0.0037
0.0015	0.004	0.0015	0.0008	0.0002	0.0019	0.0039	0.0022	0.0007	0.001	0.0015	0.0059	0.0027	0.0003	0.0019	0.0022	0.0023	0.0002	0.0003	0.001
0.0005	0.0014	0.0006	0.0002	0.0001	0.0002	0.0002	0.0015	0.0002	0.0004	0.0016	0.0027	0.0007	0.0003	0.0003	0.0007	0.0011	0.0001	0.0002	0.0007
0.001	0.0014	0.0007	0.0006	0.0001	0.0008	0.0005	0.0025	0.0052	0.0007	0.0034	0.0003	0.0003	0.0095	0.0012	0.0021	0.0059	0.0003	0.0221	0.001
0.0036	0.0038	0.0011	0.0018	0.0003	0.0026	0.0102	0.0073	0.0008	0.001	0.0038	0.0019	0.0003	0.0012	0.0031	0.0036	0.0059	0.0004	0.0011	0.0028
0.0112	0.0198	0.0055	0.004	0.0007	0.0039	0.0031	0.0208	0.002	0.0038	0.0059	0.0022	0.0007	0.0021	0.0036	0.1291	0.0144	0.0022	0.0028	0.0046
0.0173	0.0057	0.0061	0.0033	0.0003	0.0034	0.0177	0.0166	0.0027	0.0038	0.0047	0.0023	0.0011	0.0059	0.0059	0.0144	0.0254	0.0006	0.0092	0.0062
0.0005	0.0008	0.0002	0.0002	0.0001	0.0003	0.0003	0.0013	0.0001	0.0002	0.0007	0.0002	0.0001	0.0003	0.0004	0.0022	0.0006	0.0001	0.0002	0.0004
0.0027	0.0014	0.0053	0.0064	0.0002	0.0086	0.0018	0.0054	0.0069	0.0011	0.0032	0.0003	0.0002	0.0221	0.0011	0.0028	0.0092	0.0002	0.0208	0.0011
0.0047	0.0035	0.0016	0.0012	0.0003	0.0012	0.0032	0.0073	0.0007	0.0018	0.0037	0.001	0.0007	0.001	0.0028	0.0046	0.0062	0.0004	0.0011	0.0035
