A	R	N	D	C	Q	E	G	H	I	L	K	M	F	P	S	T	W	Y	V
0.0158	0.0039	0.0044	0.0035	0.0001	0.0069	0.0026	0.0124	0.0005	0.0018	0.0111	0.002	0.0014	0.0008	0.0026	0.0129	0.0059	0.0009	0.0024	0.0111
0.0039	0.0061	0.0041	0.0037	0.0001	0.0032	0.0026	0.0085	0.0006	0.004	0.0046	0.0025	0.0017	0.0008	0.0026	0.013	0.0048	0.0008	0.0017	0.0021
0.0044	0.0041	0.038	0.0126	0.0	0.0042	0.0035	0.016	0.0004	0.002	0.0029	0.0025	0.0007	0.0013	0.002	0.0098	0.0078	0.0005	0.0055	0.0015
0.0035	0.0037	0.0126	0.0144	0.0	0.0033	0.0075	0.0115	0.0008	0.0013	0.0044	0.0044	0.0009	0.0013	0.003	0.006	0.0056	0.0007	0.004	0.0019
0.0001	0.0001	0.0	0.0	0.0	0.0001	0.0	0.0001	0.0	0.0	0.0	0.0	0.0	0.0	0.0	0.0004	0.0001	0.0	0.0	0.0001
0.0069	0.0032	0.0042	0.0033	0.0001	0.0138	0.0026	0.0105	0.0005	0.0016	0.0176	0.0023	0.0011	0.0006	0.0018	0.0086	0.0041	0.0005	0.0043	0.0011
0.0026	0.0026	0.0035	0.0075	0.0	0.0026	0.0453	0.0107	0.0005	0.0018	0.0034	0.0019	0.0008	0.0007	0.0052	0.0047	0.0101	0.0005	0.002	0.0032
0.0124	0.0085	0.016	0.0115	0.0001	0.0105	0.0107	0.0463	0.0014	0.0024	0.0102	0.0024	0.0021	0.0022	0.006	0.0219	0.0151	0.0017	0.0083	0.005
0.0005	0.0006	0.0004	0.0008	0.0	0.0005	0.0005	0.0014	0.0003	0.0002	0.0007	0.0001	0.0002	0.0032	0.0005	0.0008	0.0012	0.0001	0.0021	0.0002
0.0018	0.004	0.002	0.0013	0.0	0.0016	0.0018	0.0024	0.0002	0.0046	0.0043	0.0006	0.0025	0.0008	0.0009	0.0046	0.0058	0.0002	0.0015	0.0028
0.0111	0.0046	0.0029	0.0044	0.0	0.0176	0.0034	0.0102	0.0007	0.0043	0.0419	0.0006	0.0055	0.0032	0.0038	0.0063	0.0049	0.0009	0.0038	0.0046
0.002	0.0025	0.0025	0.0044	0.0	0.0023	0.0019	0.0024	0.0001	0.0006	0.0006	0.0078	0.0012	0.0001	0.0011	0.0015	0.0016	0.0001	0.0003	0.0003
0.0014	0.0017	0.0007	0.0009	0.0	0.0011	0.0008	0.0021	0.0002	0.0025	0.0055	0.0012	0.0017	0.0005	0.0006	0.0016	0.0011	0.0002	0.0004	0.0014
0.0008	0.0008	0.0013	0.0013	0.0	0.0006	0.0007	0.0022	0.0032	0.0008	0.0032	0.0001	0.0005	0.0367	0.0007	0.0015	0.0047	0.0001	0.0155	0.0008
0.0026	0.0026	0.002	0.003	0.0	0.0018	0.0052	0.006	0.0005	0.0009	0.0038	0.0011	0.0006	0.0007	0.0021	0.0042	0.0033	0.0004	0.001	0.0018
0.0129	0.013	0.0098	0.006	0.0004	0.0086	0.0047	0.0219	0.0008	0.0046	0.0063	0.0015	0.0016	0.0015	0.0042	0.0507	0.0207	0.0022	0.0034	0.0045
0.0059	0.0048	0.0078	0.0056	0.0001	0.0041	0.0101	0.0151	0.0012	0.0058	0.0049	0.0016	0.0011	0.0047	0.0033	0.0207	0.0308	0.001	0.0062	0.0036
0.0009	0.0008	0.0005	0.0007	0.0	0.0005	0.0005	0.0017	0.0001	0.0002	0.0009	0.0001	0.0002	0.0001	0.0004	0.0022	0.001	0.0001	0.0003	0.0004
0.0024	0.0017	0.0055	0.004	0.0	0.0043	0.002	0.0083	0.0021	0.0015	0.0038	0.0003	0.0004	0.0155	0.001	0.0034	0.0062	0.0003	0.0078	0.0011
0.0111	0.0021	0.0015	0.0019	0.0001	0.0011	0.0032	0.005	0.0002	0.0028	0.0046	0.0003	0.0014	0.0008	0.0018	0.0045	0.0036	0.0004	0.0011	0.0187
