A	R	N	D	C	Q	E	G	H	I	L	K	M	F	P	S	T	W	Y	V
0.0147	0.0035	0.0038	0.0037	0.0	0.0121	0.0027	0.0155	0.0007	0.0023	0.0058	0.001	0.0008	0.0013	0.0033	0.0147	0.0062	0.001	0.0038	0.0051
0.0035	0.0068	0.0023	0.0037	0.0	0.0028	0.0025	0.0117	0.0008	0.0016	0.0036	0.0012	0.0006	0.0014	0.0028	0.0126	0.0053	0.0008	0.0023	0.0023
0.0038	0.0023	0.0065	0.0064	0.0	0.0041	0.0041	0.0119	0.0007	0.0011	0.0018	0.003	0.0005	0.001	0.0019	0.0079	0.007	0.0006	0.0079	0.0015
0.0037	0.0037	0.0064	0.0055	0.0	0.0044	0.0062	0.0135	0.001	0.0011	0.0036	0.0008	0.0005	0.0013	0.0031	0.0071	0.0061	0.0009	0.0069	0.0019
0.0	0.0	0.0	0.0	0.0	0.0	0.0	0.0001	0.0	0.0	0.0	0.0	0.0	0.0	0.0	0.0003	0.0	0.0	0.0	0.0
0.0121	0.0028	0.0041	0.0044	0.0	0.0378	0.0036	0.009	0.0007	0.0023	0.016	0.0016	0.0004	0.0013	0.0027	0.0049	0.0047	0.0007	0.011	0.0015
0.0027	0.0025	0.0041	0.0062	0.0	0.0036	0.0238	0.0146	0.0006	0.0017	0.003	0.0028	0.0005	0.0009	0.0091	0.0057	0.0213	0.0006	0.0046	0.0024
0.0155	0.0117	0.0119	0.0135	0.0001	0.009	0.0146	0.0315	0.0021	0.0035	0.0094	0.0021	0.0019	0.0034	0.0097	0.0275	0.0194	0.0024	0.0093	0.0076
0.0007	0.0008	0.0007	0.001	0.0	0.0007	0.0006	0.0021	0.0008	0.0003	0.0009	0.0001	0.0001	0.005	0.0007	0.0015	0.002	0.0002	0.007	0.0004
0.0023	0.0016	0.0011	0.0011	0.0	0.0023	0.0017	0.0035	0.0003	0.0046	0.0029	0.0007	0.0009	0.001	0.0018	0.0043	0.0055	0.0004	0.0016	0.0025
0.0058	0.0036	0.0018	0.0036	0.0	0.016	0.003	0.0094	0.0009	0.0029	0.0143	0.0006	0.0012	0.0035	0.0056	0.0071	0.0046	0.001	0.0047	0.004
0.001	0.0012	0.003	0.0008	0.0	0.0016	0.0028	0.0021	0.0001	0.0007	0.0006	0.004	0.0005	0.0002	0.0012	0.0015	0.0022	0.0001	0.0004	0.0003
0.0008	0.0006	0.0005	0.0005	0.0	0.0004	0.0005	0.0019	0.0001	0.0009	0.0012	0.0005	0.0002	0.0003	0.0007	0.0014	0.0009	0.0001	0.0004	0.0009
0.0013	0.0014	0.001	0.0013	0.0	0.0013	0.0009	0.0034	0.005	0.001	0.0035	0.0002	0.0003	0.0107	0.0015	0.0023	0.006	0.0003	0.0252	0.0011
0.0033	0.0028	0.0019	0.0031	0.0	0.0027	0.0091	0.0097	0.0007	0.0018	0.0056	0.0012	0.0007	0.0015	0.0032	0.0063	0.007	0.0008	0.002	0.0023
0.0147	0.0126	0.0079	0.0071	0.0003	0.0049	0.0057	0.0275	0.0015	0.0043	0.0071	0.0015	0.0014	0.0023	0.0063	0.1154	0.0166	0.0033	0.0047	0.0079
0.0062	0.0053	0.007	0.0061	0.0	0.0047	0.0213	0.0194	0.002	0.0055	0.0046	0.0022	0.0009	0.006	0.007	0.0166	0.0121	0.0012	0.0113	0.0043
0.001	0.0008	0.0006	0.0009	0.0	0.0007	0.0006	0.0024	0.0002	0.0004	0.001	0.0001	0.0001	0.0003	0.0008	0.0033	0.0012	0.0002	0.0006	0.0006
0.0038	0.0023	0.0079	0.0069	0.0	0.011	0.0046	0.0093	0.007	0.0016	0.0047	0.0004	0.0004	0.0252	0.002	0.0047	0.0113	0.0006	0.0217	0.0017
0.0051	0.0023	0.0015	0.0019	0.0	0.0015	0.0024	0.0076	0.0004	0.0025	0.004	0.0003	0.0009	0.0011	0.0023	0.0079	0.0043	0.0006	0.0017	0.0031
