A	R	N	D	C	Q	E	G	H	I	L	K	M	F	P	S	T	W	Y	V
0.0029	0.0031	0.0025	0.004	0.0	0.0124	0.0025	0.0126	0.0008	0.0011	0.0057	0.0004	0.0005	0.0011	0.0038	0.0092	0.0051	0.0009	0.003	0.0021
0.0031	0.0056	0.0015	0.0048	0.0	0.0024	0.0029	0.0116	0.0005	0.0009	0.0033	0.0004	0.0005	0.001	0.003	0.0103	0.0055	0.0009	0.0015	0.0018
0.0025	0.0015	0.0051	0.007	0.0	0.0036	0.0045	0.0073	0.0007	0.0008	0.002	0.0003	0.0003	0.0008	0.002	0.0057	0.0065	0.0007	0.0067	0.0015
0.004	0.0048	0.007	0.0088	0.0	0.0058	0.0102	0.0158	0.0014	0.0011	0.0048	0.0004	0.0006	0.0015	0.0043	0.0086	0.0076	0.0013	0.0081	0.002
0.0	0.0	0.0	0.0	0.0	0.0	0.0	0.0	0.0	0.0	0.0	0.0	0.0	0.0	0.0	0.0002	0.0	0.0	0.0	0.0
0.0124	0.0024	0.0036	0.0058	0.0	0.0485	0.004	0.0078	0.0008	0.0016	0.0196	0.0003	0.0003	0.0012	0.0032	0.0048	0.0045	0.0008	0.011	0.0016
0.0025	0.0029	0.0045	0.0102	0.0	0.004	0.0272	0.0142	0.0008	0.0015	0.0036	0.0036	0.0004	0.001	0.0105	0.0068	0.0274	0.0008	0.0055	0.002
0.0126	0.0116	0.0073	0.0158	0.0	0.0078	0.0142	0.026	0.0025	0.0028	0.0091	0.0013	0.0015	0.0028	0.0117	0.0234	0.0176	0.0029	0.007	0.0059
0.0008	0.0005	0.0007	0.0014	0.0	0.0008	0.0008	0.0025	0.0011	0.0002	0.0011	0.0001	0.0001	0.0058	0.0011	0.0019	0.0021	0.0003	0.0089	0.0004
0.0011	0.0009	0.0008	0.0011	0.0	0.0016	0.0015	0.0028	0.0002	0.0003	0.0019	0.0002	0.0002	0.0005	0.0014	0.0036	0.0019	0.0003	0.0008	0.0008
0.0057	0.0033	0.002	0.0048	0.0	0.0196	0.0036	0.0091	0.0011	0.0019	0.0084	0.0006	0.0007	0.0028	0.0069	0.0078	0.0046	0.0014	0.0044	0.0028
0.0004	0.0004	0.0003	0.0004	0.0	0.0003	0.0036	0.0013	0.0001	0.0002	0.0006	0.0002	0.0	0.0002	0.0012	0.0013	0.0027	0.0001	0.0003	0.0003
0.0005	0.0005	0.0003	0.0006	0.0	0.0003	0.0004	0.0015	0.0001	0.0002	0.0007	0.0	0.0001	0.0002	0.0006	0.0012	0.0006	0.0001	0.0003	0.0003
0.0011	0.001	0.0008	0.0015	0.0	0.0012	0.001	0.0028	0.0058	0.0005	0.0028	0.0002	0.0002	0.0123	0.0019	0.0024	0.0054	0.0004	0.0303	0.0008
0.0038	0.003	0.002	0.0043	0.0	0.0032	0.0105	0.0117	0.0011	0.0014	0.0069	0.0012	0.0006	0.0019	0.0044	0.0076	0.0092	0.0011	0.0024	0.0025
0.0092	0.0103	0.0057	0.0086	0.0002	0.0048	0.0068	0.0234	0.0019	0.0036	0.0078	0.0013	0.0012	0.0024	0.0076	0.1383	0.0196	0.0031	0.0041	0.0078
0.0051	0.0055	0.0065	0.0076	0.0	0.0045	0.0274	0.0176	0.0021	0.0019	0.0046	0.0027	0.0006	0.0054	0.0092	0.0196	0.0146	0.0014	0.0113	0.0033
0.0009	0.0009	0.0007	0.0013	0.0	0.0008	0.0008	0.0029	0.0003	0.0003	0.0014	0.0001	0.0001	0.0004	0.0011	0.0031	0.0014	0.0002	0.0007	0.0005
0.003	0.0015	0.0067	0.0081	0.0	0.011	0.0055	0.007	0.0089	0.0008	0.0044	0.0003	0.0003	0.0303	0.0024	0.0041	0.0113	0.0007	0.0267	0.0014
0.0021	0.0018	0.0015	0.002	0.0	0.0016	0.002	0.0059	0.0004	0.0008	0.0028	0.0003	0.0003	0.0008	0.0025	0.0078	0.0033	0.0005	0.0014	0.001
