A	R	N	D	C	Q	E	G	H	I	L	K	M	F	P	S	T	W	Y	V
0.0218	0.0037	0.0047	0.0035	0.0001	0.0119	0.0028	0.0172	0.0007	0.003	0.006	0.0015	0.0009	0.0014	0.003	0.0182	0.0068	0.001	0.0043	0.0069
0.0037	0.0074	0.0028	0.003	0.0001	0.003	0.0022	0.0117	0.0009	0.002	0.0037	0.0017	0.0007	0.0017	0.0026	0.0141	0.0051	0.0007	0.0027	0.0025
0.0047	0.0028	0.008	0.0061	0.0	0.0044	0.0038	0.0149	0.0007	0.0013	0.0017	0.0047	0.0006	0.0011	0.0018	0.0094	0.0073	0.0006	0.0086	0.0015
0.0035	0.003	0.0061	0.0034	0.0	0.0035	0.0038	0.012	0.0008	0.0012	0.0029	0.001	0.0005	0.0011	0.0024	0.0061	0.0052	0.0007	0.006	0.0018
0.0001	0.0001	0.0	0.0	0.0	0.0	0.0	0.0001	0.0	0.0	0.0	0.0	0.0	0.0	0.0	0.0003	0.0001	0.0	0.0	0.0001
0.0119	0.003	0.0044	0.0035	0.0	0.0306	0.0034	0.0099	0.0006	0.0028	0.0139	0.0024	0.0005	0.0013	0.0024	0.0051	0.0049	0.0006	0.0109	0.0015
0.0028	0.0022	0.0038	0.0038	0.0	0.0034	0.0224	0.0148	0.0005	0.0018	0.0027	0.0023	0.0006	0.0008	0.0081	0.0051	0.0174	0.0005	0.004	0.0027
0.0172	0.0117	0.0149	0.012	0.0001	0.0099	0.0148	0.0351	0.0018	0.004	0.0096	0.0026	0.0022	0.0037	0.0084	0.0302	0.0205	0.0021	0.0107	0.0086
0.0007	0.0009	0.0007	0.0008	0.0	0.0006	0.0005	0.0018	0.0007	0.0003	0.0007	0.0001	0.0001	0.0045	0.0005	0.0012	0.0019	0.0001	0.0058	0.0004
0.003	0.002	0.0013	0.0012	0.0	0.0028	0.0018	0.004	0.0003	0.0072	0.0036	0.001	0.0014	0.0013	0.0019	0.0048	0.0078	0.0004	0.0021	0.0036
0.006	0.0037	0.0017	0.0029	0.0	0.0139	0.0027	0.0096	0.0007	0.0036	0.0186	0.0007	0.0016	0.0039	0.0048	0.0067	0.0047	0.0008	0.0048	0.0047
0.0015	0.0017	0.0047	0.001	0.0	0.0024	0.0023	0.0026	0.0001	0.001	0.0007	0.0062	0.0008	0.0002	0.0012	0.0016	0.0018	0.0001	0.0004	0.0004
0.0009	0.0007	0.0006	0.0005	0.0	0.0005	0.0006	0.0022	0.0001	0.0014	0.0016	0.0008	0.0004	0.0004	0.0007	0.0015	0.0011	0.0001	0.0005	0.0013
0.0014	0.0017	0.0011	0.0011	0.0	0.0013	0.0008	0.0037	0.0045	0.0013	0.0039	0.0002	0.0004	0.0106	0.0013	0.0022	0.0065	0.0003	0.0219	0.0013
0.003	0.0026	0.0018	0.0024	0.0	0.0024	0.0081	0.0084	0.0005	0.0019	0.0048	0.0012	0.0007	0.0013	0.0024	0.0055	0.0055	0.0006	0.0017	0.0022
0.0182	0.0141	0.0094	0.0061	0.0003	0.0051	0.0051	0.0302	0.0012	0.0048	0.0067	0.0016	0.0015	0.0022	0.0055	0.0999	0.0149	0.0034	0.0051	0.0079
0.0068	0.0051	0.0073	0.0052	0.0001	0.0049	0.0174	0.0205	0.0019	0.0078	0.0047	0.0018	0.0011	0.0065	0.0055	0.0149	0.0109	0.001	0.0112	0.0049
0.001	0.0007	0.0006	0.0007	0.0	0.0006	0.0005	0.0021	0.0001	0.0004	0.0008	0.0001	0.0001	0.0003	0.0006	0.0034	0.001	0.0002	0.0006	0.0006
0.0043	0.0027	0.0086	0.006	0.0	0.0109	0.004	0.0107	0.0058	0.0021	0.0048	0.0004	0.0005	0.0219	0.0017	0.0051	0.0112	0.0006	0.0183	0.0019
0.0069	0.0025	0.0015	0.0018	0.0001	0.0015	0.0027	0.0086	0.0004	0.0036	0.0047	0.0004	0.0013	0.0013	0.0022	0.0079	0.0049	0.0006	0.0019	0.0044
