A	R	N	D	C	Q	E	G	H	I	L	K	M	F	P	S	T	W	Y	V
0.0245	0.0058	0.0034	0.0025	0.0002	0.0064	0.0027	0.0144	0.001	0.0016	0.0052	0.0013	0.0005	0.0009	0.0038	0.0111	0.0148	0.0005	0.0034	0.0044
0.0058	0.0146	0.0025	0.003	0.0004	0.0037	0.0033	0.0161	0.0013	0.0013	0.0095	0.0037	0.0012	0.0014	0.0041	0.02	0.0065	0.0007	0.0019	0.0031
0.0034	0.0025	0.0101	0.0053	0.0001	0.0031	0.0022	0.0087	0.0007	0.0007	0.0024	0.0022	0.0005	0.0007	0.0012	0.0054	0.0055	0.0003	0.0053	0.0015
0.0025	0.003	0.0053	0.008	0.0001	0.0042	0.003	0.0112	0.0008	0.0005	0.0019	0.0007	0.0002	0.0006	0.0018	0.0038	0.003	0.0002	0.0057	0.0011
0.0002	0.0004	0.0001	0.0001	0.0001	0.0003	0.0001	0.0003	0.0002	0.0003	0.0003	0.0002	0.0001	0.0001	0.0003	0.0006	0.0002	0.0001	0.0002	0.0003
0.0064	0.0037	0.0031	0.0042	0.0003	0.0349	0.0022	0.0073	0.0011	0.002	0.0127	0.0017	0.0004	0.0008	0.0026	0.004	0.0034	0.0002	0.01	0.0011
0.0027	0.0033	0.0022	0.003	0.0001	0.0022	0.0185	0.0112	0.0008	0.0009	0.002	0.0033	0.0001	0.0005	0.0086	0.0028	0.0151	0.0003	0.0019	0.0027
0.0144	0.0161	0.0087	0.0112	0.0003	0.0073	0.0112	0.0613	0.0017	0.0022	0.0092	0.0025	0.0013	0.0023	0.0079	0.0207	0.0167	0.0013	0.0063	0.0068
0.001	0.0013	0.0007	0.0008	0.0002	0.0011	0.0008	0.0017	0.001	0.0006	0.0009	0.0006	0.0002	0.0045	0.0007	0.0019	0.0028	0.0001	0.0061	0.0006
0.0016	0.0013	0.0007	0.0005	0.0003	0.002	0.0009	0.0022	0.0006	0.0025	0.0024	0.0008	0.0004	0.0006	0.0009	0.0039	0.0041	0.0001	0.0013	0.0016
0.0052	0.0095	0.0024	0.0019	0.0003	0.0127	0.002	0.0092	0.0009	0.0024	0.0184	0.0013	0.0015	0.0034	0.0043	0.0057	0.0051	0.0007	0.0052	0.0037
0.0013	0.0037	0.0022	0.0007	0.0002	0.0017	0.0033	0.0025	0.0006	0.0008	0.0013	0.0052	0.0022	0.0003	0.0017	0.0022	0.0021	0.0001	0.0003	0.0009
0.0005	0.0012	0.0005	0.0002	0.0001	0.0004	0.0001	0.0013	0.0002	0.0004	0.0015	0.0022	0.0006	0.0003	0.0003	0.0007	0.0009	0.0001	0.0002	0.0006
0.0009	0.0014	0.0007	0.0006	0.0001	0.0008	0.0005	0.0023	0.0045	0.0006	0.0034	0.0003	0.0003	0.0092	0.0013	0.002	0.0079	0.0003	0.0195	0.001
0.0038	0.0041	0.0012	0.0018	0.0003	0.0026	0.0086	0.0079	0.0007	0.0009	0.0043	0.0017	0.0003	0.0013	0.0034	0.004	0.0056	0.0004	0.0018	0.0028
0.0111	0.02	0.0054	0.0038	0.0006	0.004	0.0028	0.0207	0.0019	0.0039	0.0057	0.0022	0.0007	0.002	0.004	0.1289	0.0145	0.0022	0.0035	0.0043
0.0148	0.0065	0.0055	0.003	0.0002	0.0034	0.0151	0.0167	0.0028	0.0041	0.0051	0.0021	0.0009	0.0079	0.0056	0.0145	0.0282	0.0006	0.0101	0.0055
0.0005	0.0007	0.0003	0.0002	0.0001	0.0002	0.0003	0.0013	0.0001	0.0001	0.0007	0.0001	0.0001	0.0003	0.0004	0.0022	0.0006	0.0001	0.0002	0.0003
0.0034	0.0019	0.0053	0.0057	0.0002	0.01	0.0019	0.0063	0.0061	0.0013	0.0052	0.0003	0.0002	0.0195	0.0018	0.0035	0.0101	0.0002	0.0253	0.0012
0.0044	0.0031	0.0015	0.0011	0.0003	0.0011	0.0027	0.0068	0.0006	0.0016	0.0037	0.0009	0.0006	0.001	0.0028	0.0043	0.0055	0.0003	0.0012	0.003
