A	R	N	D	C	Q	E	G	H	I	L	K	M	F	P	S	T	W	Y	V
0.004	0.0035	0.0028	0.0035	0.0	0.0136	0.0026	0.0143	0.0007	0.0016	0.0058	0.0005	0.0005	0.0012	0.0034	0.0155	0.0062	0.001	0.0037	0.0027
0.0035	0.0075	0.0016	0.0038	0.0	0.0028	0.0025	0.0121	0.0008	0.0014	0.0039	0.0005	0.0005	0.0016	0.0028	0.0135	0.0056	0.0009	0.0022	0.0023
0.0028	0.0016	0.0048	0.0061	0.0	0.0032	0.0043	0.0084	0.0008	0.0009	0.0018	0.0004	0.0003	0.0008	0.0018	0.0061	0.0066	0.0006	0.0076	0.0015
0.0035	0.0038	0.0061	0.0058	0.0	0.0046	0.0069	0.0132	0.0011	0.0011	0.004	0.0004	0.0005	0.0012	0.0033	0.0071	0.0064	0.001	0.0073	0.002
0.0	0.0	0.0	0.0	0.0	0.0	0.0	0.0001	0.0	0.0	0.0	0.0	0.0	0.0	0.0	0.0003	0.0	0.0	0.0	0.0
0.0136	0.0028	0.0032	0.0046	0.0	0.044	0.0041	0.0083	0.0008	0.0025	0.0189	0.0005	0.0004	0.0013	0.003	0.0048	0.0045	0.0007	0.0123	0.0017
0.0026	0.0025	0.0043	0.0069	0.0	0.0041	0.0282	0.0155	0.0007	0.0018	0.0032	0.0033	0.0004	0.0009	0.0105	0.006	0.025	0.0007	0.0051	0.0021
0.0143	0.0121	0.0084	0.0132	0.0001	0.0083	0.0155	0.0272	0.0022	0.0035	0.0098	0.0017	0.0015	0.0031	0.0105	0.0251	0.0195	0.0025	0.0079	0.0067
0.0007	0.0008	0.0008	0.0011	0.0	0.0008	0.0007	0.0022	0.001	0.0003	0.0009	0.0001	0.0001	0.006	0.0008	0.0016	0.0023	0.0002	0.0083	0.0004
0.0016	0.0014	0.0009	0.0011	0.0	0.0025	0.0018	0.0035	0.0003	0.0014	0.0024	0.0004	0.0007	0.0007	0.0019	0.0044	0.0026	0.0004	0.0012	0.0011
0.0058	0.0039	0.0018	0.004	0.0	0.0189	0.0032	0.0098	0.0009	0.0024	0.0069	0.0006	0.0007	0.0026	0.0059	0.0074	0.0047	0.0011	0.0046	0.0028
0.0005	0.0005	0.0004	0.0004	0.0	0.0005	0.0033	0.0017	0.0001	0.0004	0.0006	0.0002	0.0001	0.0002	0.0011	0.0015	0.0022	0.0001	0.0004	0.0003
0.0005	0.0005	0.0003	0.0005	0.0	0.0004	0.0004	0.0015	0.0001	0.0007	0.0007	0.0001	0.0001	0.0002	0.0006	0.0013	0.0007	0.0001	0.0003	0.0004
0.0012	0.0016	0.0008	0.0012	0.0	0.0013	0.0009	0.0031	0.006	0.0007	0.0026	0.0002	0.0002	0.0126	0.0017	0.0023	0.0067	0.0004	0.0297	0.0008
0.0034	0.0028	0.0018	0.0033	0.0	0.003	0.0105	0.0105	0.0008	0.0019	0.0059	0.0011	0.0006	0.0017	0.0036	0.0067	0.008	0.0009	0.0022	0.0023
0.0155	0.0135	0.0061	0.0071	0.0003	0.0048	0.006	0.0251	0.0016	0.0044	0.0074	0.0015	0.0013	0.0023	0.0067	0.1343	0.0178	0.0038	0.0041	0.0086
0.0062	0.0056	0.0066	0.0064	0.0	0.0045	0.025	0.0195	0.0023	0.0026	0.0047	0.0022	0.0007	0.0067	0.008	0.0178	0.0122	0.0013	0.0123	0.0036
0.001	0.0009	0.0006	0.001	0.0	0.0007	0.0007	0.0025	0.0002	0.0004	0.0011	0.0001	0.0001	0.0004	0.0009	0.0038	0.0013	0.0002	0.0007	0.0006
0.0037	0.0022	0.0076	0.0073	0.0	0.0123	0.0051	0.0079	0.0083	0.0012	0.0046	0.0004	0.0003	0.0297	0.0022	0.0041	0.0123	0.0007	0.0249	0.0015
0.0027	0.0023	0.0015	0.002	0.0	0.0017	0.0021	0.0067	0.0004	0.0011	0.0028	0.0003	0.0004	0.0008	0.0023	0.0086	0.0036	0.0006	0.0015	0.001
